0 tags: tensor([0, 0, 0, 0, 0, 0, 0, 0, 0, 0, 0, 0, 0, 0, 2, 1, 1, 0, 2, 0, 0, 0, 0, 0,
        0, 0, 0])

After training: (tensor(173.9373), [0, 0, 0, 0, 0, 0, 0, 0, 0, 0, 0, 0, 0, 0, 2, 1, 1, 0, 2, 0, 0, 0, 0, 0, 0, 0, 0])

1 tags: tensor([0, 0, 0, 0, 2, 0, 0, 0, 2, 1, 0, 0, 0, 0, 0])

After training: (tensor(76.9574), [0, 0, 0, 0, 0, 0, 0, 0, 2, 1, 0, 0, 0, 0, 0])

2 tags: tensor([2, 0, 0, 0, 0, 0, 0, 0, 0, 0, 0, 0])

After training: (tensor(83.7640), [0, 0, 0, 0, 0, 0, 0, 0, 0, 0, 0, 0])

3 tags: tensor([0, 0, 0, 0, 0, 0, 0, 0, 0])

After training: (tensor(60.2340), [0, 0, 0, 0, 0, 0, 0, 0, 0])

4 tags: tensor([2, 0, 0, 0, 0, 0, 0, 0, 0, 0, 0, 0])

After training: (tensor(83.0063), [0, 0, 0, 0, 0, 0, 0, 0, 0, 0, 0, 0])

5 tags: tensor([0, 0, 2, 0, 0, 0, 0, 0, 0, 0, 0, 0, 0, 0, 0, 0, 0, 0, 0, 0])

After training: (tensor(135.7782), [0, 0, 0, 0, 0, 0, 0, 0, 0, 0, 0, 0, 0, 0, 0, 0, 0, 0, 0, 0])

6 tags: tensor([0, 0, 0, 0, 0, 0, 0, 0, 0, 0, 0])

After training: (tensor(79.6550), [0, 0, 0, 0, 0, 0, 0, 0, 0, 0, 0])

7 tags: tensor([0, 0, 0, 0, 0, 0, 0, 0, 0, 0, 0, 0, 0, 0, 0, 0, 0, 0, 0, 0, 0, 0, 0, 0,
        0])

After training: (tensor(175.6590), [0, 0, 0, 0, 0, 0, 0, 0, 0, 0, 0, 0, 0, 0, 0, 0, 0, 0, 0, 0, 0, 0, 0, 0, 0])

8 tags: tensor([0, 0, 0, 0])

After training: (tensor(26.9402), [0, 0, 0, 0])

9 tags: tensor([0, 0, 0, 0, 2, 1, 1, 0, 0, 0, 0, 0])

After training: (tensor(74.5503), [0, 0, 0, 0, 2, 1, 1, 0, 0, 0, 0, 0])

              precision    recall  f1-score   support

           0       0.97      1.00      0.99       134
           1       1.00      1.00      1.00         5
           2       1.00      0.50      0.67         8

   micro avg       0.97      0.97      0.97       147
   macro avg       0.99      0.83      0.88       147
weighted avg       0.97      0.97      0.97       147



0 tags: tensor([0, 0, 0, 0, 0, 0, 0, 0, 0, 0, 0, 0, 0, 0, 2, 1, 1, 0, 2, 0, 0, 0, 0, 0,
        0, 0, 0])

After training: (tensor(178.1793), [0, 0, 0, 0, 0, 0, 0, 0, 0, 0, 0, 0, 0, 0, 0, 2, 1, 0, 2, 0, 0, 0, 0, 0, 0, 0, 0])

1 tags: tensor([0, 0, 0, 0, 2, 0, 0, 0, 2, 1, 0, 0, 0, 0, 0])

After training: (tensor(83.7345), [0, 2, 1, 0, 0, 0, 0, 0, 2, 1, 0, 0, 0, 0, 0])

2 tags: tensor([2, 0, 0, 0, 0, 0, 0, 0, 0, 0, 0, 0])

After training: (tensor(84.1380), [0, 0, 0, 0, 0, 0, 0, 0, 0, 0, 0, 0])

3 tags: tensor([0, 0, 0, 0, 0, 0, 0, 0, 0])

After training: (tensor(66.9309), [0, 0, 0, 0, 0, 0, 0, 0, 0])

4 tags: tensor([2, 0, 0, 0, 0, 0, 0, 0, 0, 0, 0, 0])

After training: (tensor(68.8476), [0, 0, 0, 0, 0, 0, 0, 0, 0, 0, 0, 0])

5 tags: tensor([0, 0, 2, 0, 0, 0, 0, 0, 0, 0, 0, 0, 0, 0, 0, 0, 0, 0, 0, 0])

After training: (tensor(129.7933), [0, 0, 2, 0, 0, 0, 0, 0, 0, 0, 0, 0, 0, 0, 0, 0, 0, 0, 0, 0])

6 tags: tensor([0, 0, 0, 0, 0, 0, 0, 0, 0, 0, 0])

After training: (tensor(81.7958), [0, 0, 0, 0, 0, 0, 0, 0, 0, 0, 0])

7 tags: tensor([0, 0, 0, 0, 0, 0, 0, 0, 0, 0, 0, 0, 0, 0, 0, 0, 0, 0, 0, 0, 0, 0, 0, 0,
        0])

After training: (tensor(174.4041), [0, 0, 0, 0, 0, 0, 0, 0, 0, 0, 0, 0, 0, 0, 0, 0, 0, 0, 0, 0, 0, 0, 0, 0, 0])

8 tags: tensor([0, 0, 0, 0])

After training: (tensor(13.4647), [0, 0, 0, 0])

9 tags: tensor([0, 0, 0, 0, 2, 1, 1, 0, 0, 0, 0, 0])

After training: (tensor(80.0193), [0, 0, 0, 0, 2, 1, 1, 0, 0, 0, 0, 0])

              precision    recall  f1-score   support

           0       0.97      0.99      0.98       134
           1       0.80      0.80      0.80         5
           2       0.67      0.50      0.57         8

   micro avg       0.95      0.95      0.95       147
   macro avg       0.81      0.76      0.78       147
weighted avg       0.95      0.95      0.95       147



predict val


              precision    recall  f1-score   support

           0       0.96      0.94      0.95      4339
           1       0.29      0.41      0.34       132
           2       0.25      0.26      0.25       174

   micro avg       0.90      0.90      0.90      4645
   macro avg       0.50      0.54      0.51      4645
weighted avg       0.91      0.90      0.91      4645




NUM_TO_TRAIN: 1000 | EPOCHES: 50
              precision    recall  f1-score   support

           0       0.92      0.99      0.95       134
           1       0.00      0.00      0.00         5
           2       0.50      0.12      0.20         8

   micro avg       0.90      0.90      0.90       147
   macro avg       0.47      0.37      0.38       147
weighted avg       0.86      0.90      0.88       147